Quick Sort - time : 1.3e-05

22 35 44 62 72 76 84 98 100 121 127 133 134 139 141 152 154 181 191 195 220 220 226 227 235 235 236 253 263 269 270 292 292 298 318 321 329 345 351 360 364 370 371 374 389 394 424 425 426 442 453 461 473 474 480 495 499 501 508 508 508 513 513 543 546 626 631 677 709 715 716 735 742 744 758 767 782 783 809 828 848 849 862 871 880 897 898 918 921 942 950 955 961 961 965 966 971 981 981 981 

====================================================

Selection Sort - time : 6.6e-05

22 35 44 62 72 76 84 98 100 121 127 133 134 139 141 152 154 181 191 195 220 220 226 227 235 235 236 253 263 269 270 292 292 298 318 321 329 345 351 360 364 370 371 374 389 394 424 425 426 442 453 461 473 474 480 495 499 501 508 508 508 513 513 543 546 626 631 677 709 715 716 735 742 744 758 767 782 783 809 828 848 849 862 871 880 897 898 918 921 942 950 955 961 961 965 966 971 981 981 981 

====================================================

Bubble Sort - time : 5.4e-05

22 35 44 62 72 76 84 98 100 121 127 133 134 139 141 152 154 181 191 195 220 220 226 227 235 235 236 253 263 269 270 292 292 298 318 321 329 345 351 360 364 370 371 374 389 394 424 425 426 442 453 461 473 474 480 495 499 501 508 508 508 513 513 543 546 626 631 677 709 715 716 735 742 744 758 767 782 783 809 828 848 849 862 871 880 897 898 918 921 942 950 955 961 961 965 966 971 981 981 981 

====================================================

Insertion Sort - time : 2.8e-05

22 35 44 62 72 76 84 98 100 121 127 133 134 139 141 152 154 181 191 195 220 220 226 227 235 235 236 253 263 269 270 292 292 298 318 321 329 345 351 360 364 370 371 374 389 394 424 425 426 442 453 461 473 474 480 495 499 501 508 508 508 513 513 543 546 626 631 677 709 715 716 735 742 744 758 767 782 783 809 828 848 849 862 871 880 897 898 918 921 942 950 955 961 961 965 966 971 981 981 981 

====================================================

Merge Sort - time : 1.6e-05

22 35 44 62 72 76 84 98 100 121 127 133 134 139 141 152 154 181 191 195 220 220 226 227 235 235 236 253 263 269 270 292 292 298 318 321 329 345 351 360 364 370 371 374 389 394 424 425 426 442 453 461 473 474 480 495 499 501 508 508 508 513 513 543 546 626 631 677 709 715 716 735 742 744 758 767 782 783 809 828 848 849 862 871 880 897 898 918 921 942 950 955 961 961 965 966 971 981 981 981 

====================================================


